<?xml version="1.0" encoding="utf-8"?><svg xmlns="http://www.w3.org/2000/svg" xmlns:xlink="http://www.w3.org/1999/xlink" width="1536" height="739" preserveAspectRatio="xMidYMid" viewBox="0 0 1536 739" style="z-index:1;margin-right:-1.6px;display:block;animation-play-state:paused" ><g transform="translate(768,369.5) scale(1,1) translate(-768,-369.5)" style="transform:matrix(1, 0, 0, 1, 0, 0);animation-play-state:paused" ><style type="text/css" style="animation-play-state:paused" >@keyframes ld-fall {
    0%    { transform: translate(0,0px) rotate3d(1,1,1,0deg); }
    16.6% { transform: translate(0,125.16666666666667px) rotate3d(1,1,1,180deg); }
    33.3% { transform: translate(0,250.33333333333334px) rotate3d(1,1,1,360deg); }
    50.0% { transform: translate(0,375.5px) rotate3d(1,1,1,540deg); }
    66.6% { transform: translate(0,500.6666666666667px) rotate3d(1,1,1,720deg); }
    83.3% { transform: translate(0,625.8333333333334px) rotate3d(1,1,1,900deg); }
    100%  { transform: translate(0,751px) rotate3d(1,1,1,1080deg) ; }
  }
  .ld.ld-fall {
    animation: ld-fall 4s linear infinite;
  }
  .ld.ld-fall2 {
    animation: ld-fall 4s linear infinite;
    animation-fill-mode: forwards;
  }</style>

  
<g transform="translate(0 421.4199491278205)" style="transform:matrix(1, 0, 0, 1, 0, 421.42);animation-play-state:paused" ><g transform="translate(148.4108333260416 0)" style="transform:matrix(1, 0, 0, 1, 148.411, 0);animation-play-state:paused" ><g class="ld ld-fall2" style="transform:matrix3d(0.95656, -0.183279, 0.226718, 0, 0.226718, 0.95656, -0.183279, 0, -0.183279, 0.226718, 0.95656, 0, 0, 486.205, 0, 1);animation-play-state:paused;animation-duration:2s;animation-delay:-1.29364s" ><rect x="-5.355182383227297" y="-4.373328797693201" width="10.710364766454594" height="8.746657595386402" fill="#32cd32" style="transform:matrix(2.80553, 0, 0, 2.80553, 0, 0);animation-play-state:paused" ></rect></g></g>
<g transform="translate(961.4621910204319 0)" style="transform:matrix(1, 0, 0, 1, 961.462, 0);animation-play-state:paused" ><g class="ld ld-fall2" style="transform:matrix3d(0.555792, 0.766362, -0.322155, 0, -0.322155, 0.555792, 0.766362, 0, 0.766362, -0.322155, 0.555792, 0, 0, 299.362, 0, 1);animation-play-state:paused;animation-duration:4s;animation-delay:-1.59366s" ><rect x="-5.700461537789034" y="-4.685289068388728" width="11.400923075578069" height="9.370578136777455" fill="#292929" style="transform:matrix(1.65479, 0, 0, 1.65479, 0, 0);animation-play-state:paused" ></rect></g></g>
<g transform="translate(350.3634121857482 0)" style="transform:matrix(1, 0, 0, 1, 350.363, 0);animation-play-state:paused" ><g class="ld ld-fall2" style="transform:matrix3d(-0.324754, 0.570049, 0.754705, 0, 0.754705, -0.324754, 0.570049, 0, 0.570049, 0.754705, -0.324754, 0, 0, 632.232, 0, 1);animation-play-state:paused;animation-duration:4s;animation-delay:-3.36615s" ><rect x="-3.5985911665211834" y="-5.55958693908756" width="7.197182333042367" height="11.11917387817512" fill="#9370db" style="transform:matrix(2.12929, 0, 0, 2.12929, 0, 0);animation-play-state:paused" ></rect></g></g>
<g transform="translate(222.23383505304923 0)" style="transform:matrix(1, 0, 0, 1, 222.234, 0);animation-play-state:paused" ><g class="ld ld-fall2" style="transform:matrix3d(-0.149025, 0.973049, 0.175976, 0, 0.175976, -0.149025, 0.973049, 0, 0.973049, 0.175976, -0.149025, 0, 0, 595.479, 0, 1);animation-play-state:paused;animation-duration:2s;animation-delay:-1.585s" ><rect x="-4.6843662268465" y="-3.3730172068819675" width="9.368732453693" height="6.746034413763935" fill="#9370db" style="transform:matrix(3.04552, 0, 0, 3.04552, 0, 0);animation-play-state:paused" ></rect></g></g>
<g transform="translate(791.2299949206022 0)" style="transform:matrix(1, 0, 0, 1, 791.23, 0);animation-play-state:paused" ><g class="ld ld-fall2" style="transform:matrix3d(0.812594, 0.495032, -0.307626, 0, -0.307626, 0.812594, 0.495032, 0, 0.495032, -0.307626, 0.812594, 0, 0, 280.955, 0, 1);animation-play-state:paused;animation-duration:2s;animation-delay:-0.747713s" ><rect x="-3.4745179511393407" y="-4.000168560497255" width="6.949035902278681" height="8.00033712099451" fill="#9370db" style="transform:matrix(3.4887, 0, 0, 3.4887, 0, 0);animation-play-state:paused" ></rect></g></g>
<g transform="translate(65.8426598225468 0)" style="transform:matrix(1, 0, 0, 1, 65.8427, 0);animation-play-state:paused" ><g class="ld ld-fall2" style="transform:matrix3d(-0.320356, 0.546816, 0.77354, 0, 0.77354, -0.320356, 0.546816, 0, 0.546816, 0.77354, -0.320356, 0, 0, 133.041, 0, 1);animation-play-state:paused;animation-duration:4s;animation-delay:-0.706023s" ><rect x="-5.1124003048231765" y="-5.405644101951628" width="10.224800609646353" height="10.811288203903256" fill="#9370db" style="transform:matrix(3.0615, 0, 0, 3.0615, 0, 0);animation-play-state:paused" ></rect></g></g>
<g transform="translate(683.3748118400201 0)" style="transform:matrix(1, 0, 0, 1, 683.375, 0);animation-play-state:paused" ><g class="ld ld-fall2" style="transform:matrix3d(0.246979, 0.948997, -0.195976, 0, -0.195976, 0.246979, 0.948997, 0, 0.948997, -0.195976, 0.246979, 0, 0, 568.425, 0, 1);animation-play-state:paused;animation-duration:2s;animation-delay:-1.51281s" ><rect x="-4.747742810621775" y="-5.150768038749993" width="9.49548562124355" height="10.301536077499986" fill="#f6ec36" style="transform:matrix(2.91376, 0, 0, 2.91376, 0, 0);animation-play-state:paused" ></rect></g></g>
<g transform="translate(1307.1211494332233 0)" style="transform:matrix(1, 0, 0, 1, 1307.12, 0);animation-play-state:paused" ><g class="ld ld-fall2" style="transform:matrix3d(-0.332375, 0.635248, 0.697127, 0, 0.697127, -0.332375, 0.635248, 0, 0.635248, 0.697127, -0.332375, 0, 0, 627.969, 0, 1);animation-play-state:paused;animation-duration:4s;animation-delay:-3.3434s" ><rect x="-4.3690591948049375" y="-3.582127909148471" width="8.738118389609875" height="7.164255818296942" fill="#f6ec36" style="transform:matrix(2.29015, 0, 0, 2.29015, 0, 0);animation-play-state:paused" ></rect></g></g>
<g transform="translate(397.4067598865422 0)" style="transform:matrix(1, 0, 0, 1, 397.407, 0);animation-play-state:paused" ><g class="ld ld-fall2" style="transform:matrix3d(-0.0350371, 0.998726, 0.0363109, 0, 0.0363109, -0.0350371, 0.998726, 0, 0.998726, 0.0363109, -0.0350371, 0, 0, 586.574, 0, 1);animation-play-state:paused;animation-duration:4s;animation-delay:-3.12248s" ><rect x="-5.370015564041612" y="-4.140332905543584" width="10.740031128083224" height="8.280665811087168" fill="#32cd32" style="transform:matrix(2.14165, 0, 0, 2.14165, 0, 0);animation-play-state:paused" ></rect></g></g>
<g transform="translate(243.2910083992798 0)" style="transform:matrix(1, 0, 0, 1, 243.291, 0);animation-play-state:paused" ><g class="ld ld-fall2" style="transform:matrix3d(0.0205769, -0.0201618, 0.999585, 0, 0.999585, 0.0205769, -0.0201618, 0, -0.0201618, 0.999585, 0.0205769, 0, 0, 668.962, 0, 1);animation-play-state:paused;animation-duration:4s;animation-delay:-3.56217s" ><rect x="-3.838253901452902" y="-5.375486843864561" width="7.676507802905804" height="10.750973687729122" fill="#9370db" style="transform:matrix(1.70104, 0, 0, 1.70104, 0, 0);animation-play-state:paused" ></rect></g></g>
<g transform="translate(753.217409728956 0)" style="transform:matrix(1, 0, 0, 1, 753.217, 0);animation-play-state:paused" ><g class="ld ld-fall2" style="transform:matrix3d(-0.188174, 0.234426, 0.953748, 0, 0.953748, -0.188174, 0.234426, 0, 0.234426, 0.953748, -0.188174, 0, 0, 402.294, 0, 1);animation-play-state:paused;animation-duration:2s;animation-delay:-1.07107s" ><rect x="-3.381430366497027" y="-5.838605291090083" width="6.762860732994054" height="11.677210582180166" fill="#32cd32" style="transform:matrix(1.75108, 0, 0, 1.75108, 0, 0);animation-play-state:paused" ></rect></g></g>
<g transform="translate(214.58646947109457 0)" style="transform:matrix(1, 0, 0, 1, 214.586, 0);animation-play-state:paused" ><g class="ld ld-fall2" style="transform:matrix3d(-0.206501, 0.264477, 0.942024, 0, 0.942024, -0.206501, 0.264477, 0, 0.264477, 0.942024, -0.206501, 0, 0, 150.15, 0, 1);animation-play-state:paused;animation-duration:2s;animation-delay:-0.398667s" ><rect x="-5.213908207927649" y="-4.057465470974883" width="10.427816415855299" height="8.114930941949765" fill="#9370db" style="transform:matrix(2.54176, 0, 0, 2.54176, 0, 0);animation-play-state:paused" ></rect></g></g>
<g transform="translate(455.9925929235195 0)" style="transform:matrix(1, 0, 0, 1, 455.993, 0);animation-play-state:paused" ><g class="ld ld-fall2" style="transform:matrix3d(-0.297757, 0.462795, 0.834962, 0, 0.834962, -0.297757, 0.462795, 0, 0.462795, 0.834962, -0.297757, 0, 0, 388.575, 0, 1);animation-play-state:paused;animation-duration:2s;animation-delay:-1.03468s" ><rect x="-5.654845249338906" y="-3.044435143580069" width="11.309690498677812" height="6.088870287160138" fill="#292929" style="transform:matrix(1.89447, 0, 0, 1.89447, 0, 0);animation-play-state:paused" ></rect></g></g>
<g transform="translate(741.5370101081836 0)" style="transform:matrix(1, 0, 0, 1, 741.537, 0);animation-play-state:paused" ><g class="ld ld-fall2" style="transform:matrix3d(-0.169671, 0.205924, 0.963746, 0, 0.963746, -0.169671, 0.205924, 0, 0.205924, 0.963746, -0.169671, 0, 0, 404.023, 0, 1);animation-play-state:paused;animation-duration:4s;animation-delay:-2.15131s" ><rect x="-3.99427453355091" y="-3.9505367851659567" width="7.98854906710182" height="7.9010735703319135" fill="#32cd32" style="transform:matrix(2.76103, 0, 0, 2.76103, 0, 0);animation-play-state:paused" ></rect></g></g>
<g transform="translate(445.89867344375443 0)" style="transform:matrix(1, 0, 0, 1, 445.899, 0);animation-play-state:paused" ><g class="ld ld-fall2" style="transform:matrix3d(-0.0222152, 0.999495, 0.0227202, 0, 0.0227202, -0.0222152, 0.999495, 0, 0.999495, 0.0227202, -0.0222152, 0, 0, 585.662, 0, 1);animation-play-state:paused;animation-duration:4s;animation-delay:-3.11761s" ><rect x="-3.9363643744866046" y="-5.307190330710371" width="7.872728748973209" height="10.614380661420743" fill="#32cd32" style="transform:matrix(2.73698, 0, 0, 2.73698, 0, 0);animation-play-state:paused" ></rect></g></g>
<g transform="translate(1164.3255100317265 0)" style="transform:matrix(1, 0, 0, 1, 1164.33, 0);animation-play-state:paused" ><g class="ld ld-fall2" style="transform:matrix3d(0.0945892, -0.0863533, 0.991764, 0, 0.991764, 0.0945892, -0.0863533, 0, -0.0863533, 0.991764, 0.0945892, 0, 0, 173.158, 0, 1);animation-play-state:paused;animation-duration:2s;animation-delay:-0.460062s" ><rect x="-3.452666526392333" y="-3.7916384885939354" width="6.905333052784666" height="7.583276977187871" fill="#9370db" style="transform:matrix(3.32814, 0, 0, 3.32814, 0, 0);animation-play-state:paused" ></rect></g></g>
<g transform="translate(704.1830824370071 0)" style="transform:matrix(1, 0, 0, 1, 704.183, 0);animation-play-state:paused" ><g class="ld ld-fall2" style="transform:matrix3d(0.0539735, -0.0512022, 0.997229, 0, 0.997229, 0.0539735, -0.0512022, 0, -0.0512022, 0.997229, 0.0539735, 0, 0, 170.523, 0, 1);animation-play-state:paused;animation-duration:4s;animation-delay:-0.906061s" ><rect x="-3.9263752693265266" y="-5.54935022236886" width="7.852750538653053" height="11.09870044473772" fill="#32cd32" style="transform:matrix(1.70395, 0, 0, 1.70395, 0, 0);animation-play-state:paused" ></rect></g></g>
<g transform="translate(465.7907920825411 0)" style="transform:matrix(1, 0, 0, 1, 465.791, 0);animation-play-state:paused" ><g class="ld ld-fall2" style="transform:matrix3d(-0.0408148, 0.0425547, 0.99826, 0, 0.99826, -0.0408148, 0.0425547, 0, 0.0425547, 0.99826, -0.0408148, 0, 0, 414.343, 0, 1);animation-play-state:paused;animation-duration:2s;animation-delay:-1.10303s" ><rect x="-4.964213257316385" y="-4.061807760015585" width="9.92842651463277" height="8.12361552003117" fill="#9370db" style="transform:matrix(3.13372, 0, 0, 3.13372, 0, 0);animation-play-state:paused" ></rect></g></g>
<g transform="translate(965.0534861954303 0)" style="transform:matrix(1, 0, 0, 1, 965.054, 0);animation-play-state:paused" ><g class="ld ld-fall2" style="transform:matrix3d(-0.231995, 0.921998, 0.309997, 0, 0.309997, -0.231995, 0.921998, 0, 0.921998, 0.309997, -0.231995, 0, 0, 353.244, 0, 1);animation-play-state:paused;animation-duration:2s;animation-delay:-0.940611s" ><rect x="-5.203649982272514" y="-5.482027819935134" width="10.407299964545029" height="10.964055639870269" fill="#f6ec36" style="transform:matrix(1.87136, 0, 0, 1.87136, 0, 0);animation-play-state:paused" ></rect></g></g>
<g transform="translate(732.679368073331 0)" style="transform:matrix(1, 0, 0, 1, 732.679, 0);animation-play-state:paused" ><g class="ld ld-fall2" style="transform:matrix3d(-0.179462, 0.220794, 0.958668, 0, 0.958668, -0.179462, 0.220794, 0, 0.220794, 0.958668, -0.179462, 0, 0, 653.452, 0, 1);animation-play-state:paused;animation-duration:2s;animation-delay:-1.7397s" ><rect x="-3.7030556243144774" y="-3.8530944714066724" width="7.406111248628955" height="7.706188942813345" fill="#32cd32" style="transform:matrix(1.75747, 0, 0, 1.75747, 0, 0);animation-play-state:paused" ></rect></g></g>
<g transform="translate(80.84993587769941 0)" style="transform:matrix(1, 0, 0, 1, 80.8499, 0);animation-play-state:paused" ><g class="ld ld-fall2" style="transform:matrix3d(-0.226031, 0.927129, 0.298902, 0, 0.298902, -0.226031, 0.927129, 0, 0.927129, 0.298902, -0.226031, 0, 0, 352.58, 0, 1);animation-play-state:paused;animation-duration:4s;animation-delay:-1.87768s" ><rect x="-5.57660095533742" y="-4.798658005691662" width="11.15320191067484" height="9.597316011383324" fill="#292929" style="transform:matrix(1.5366, 0, 0, 1.5366, 0, 0);animation-play-state:paused" ></rect></g></g>
<g transform="translate(786.6439471574025 0)" style="transform:matrix(1, 0, 0, 1, 786.644, 0);animation-play-state:paused" ><g class="ld ld-fall2" style="transform:matrix3d(0.43437, 0.853496, -0.287866, 0, -0.287866, 0.43437, 0.853496, 0, 0.853496, -0.287866, 0.43437, 0, 0, 557.188, 0, 1);animation-play-state:paused;animation-duration:4s;animation-delay:-2.96565s" ><rect x="-3.999795156675222" y="-4.154890789806018" width="7.999590313350444" height="8.309781579612036" fill="#f6ec36" style="transform:matrix(2.49514, 0, 0, 2.49514, 0, 0);animation-play-state:paused" ></rect></g></g>
<g transform="translate(1386.1818523882157 0)" style="transform:matrix(1, 0, 0, 1, 1386.18, 0);animation-play-state:paused" ><g class="ld ld-fall2" style="transform:matrix3d(0.711951, -0.33118, 0.619229, 0, 0.619229, 0.711951, -0.33118, 0, -0.33118, 0.619229, 0.711951, 0, 0, 211.814, 0, 1);animation-play-state:paused;animation-duration:2s;animation-delay:-0.563213s" ><rect x="-4.854903833356265" y="-5.733891449900182" width="9.70980766671253" height="11.467782899800364" fill="#292929" style="transform:matrix(1.50921, 0, 0, 1.50921, 0, 0);animation-play-state:paused" ></rect></g></g>
<g transform="translate(1387.0483847542432 0)" style="transform:matrix(1, 0, 0, 1, 1387.05, 0);animation-play-state:paused" ><g class="ld ld-fall2" style="transform:matrix3d(0.891569, -0.2614, 0.369831, 0, 0.369831, 0.891569, -0.2614, 0, -0.2614, 0.369831, 0.891569, 0, 0, 227.29, 0, 1);animation-play-state:paused;animation-duration:2s;animation-delay:-0.60451s" ><rect x="-4.034928387512454" y="-4.926774182020702" width="8.069856775024908" height="9.853548364041403" fill="#32cd32" style="transform:matrix(2.66773, 0, 0, 2.66773, 0, 0);animation-play-state:paused" ></rect></g></g>
<g transform="translate(1500.7838789400962 0)" style="transform:matrix(1, 0, 0, 1, 1500.78, 0);animation-play-state:paused" ><g class="ld ld-fall2" style="transform:matrix3d(-0.329101, 0.599593, 0.729507, 0, 0.729507, -0.329101, 0.599593, 0, 0.599593, 0.729507, -0.329101, 0, 0, 379.992, 0, 1);animation-play-state:paused;animation-duration:4s;animation-delay:-2.02383s" ><rect x="-4.364992706802926" y="-5.052016185488164" width="8.729985413605853" height="10.104032370976327" fill="#292929" style="transform:matrix(2.79751, 0, 0, 2.79751, 0, 0);animation-play-state:paused" ></rect></g></g></g>

  
<g transform="translate(0 -329.5800508721795)" style="transform:matrix(1, 0, 0, 1, 0, -329.58);animation-play-state:paused" ><g transform="translate(148.4108333260416 0)" style="transform:matrix(1, 0, 0, 1, 148.411, 0);animation-play-state:paused" ><g class="ld ld-fall" style="transform:matrix3d(0.95656, -0.183279, 0.226718, 0, 0.226718, 0.95656, -0.183279, 0, -0.183279, 0.226718, 0.95656, 0, 0, 486.205, 0, 1);animation-play-state:paused;animation-duration:2s;animation-delay:-1.29364s" ><rect x="-5.355182383227297" y="-4.373328797693201" width="10.710364766454594" height="8.746657595386402" fill="#32cd32" style="transform:matrix(2.80553, 0, 0, 2.80553, 0, 0);animation-play-state:paused" ></rect></g></g>
<g transform="translate(961.4621910204319 0)" style="transform:matrix(1, 0, 0, 1, 961.462, 0);animation-play-state:paused" ><g class="ld ld-fall" style="transform:matrix3d(0.555792, 0.766362, -0.322155, 0, -0.322155, 0.555792, 0.766362, 0, 0.766362, -0.322155, 0.555792, 0, 0, 299.362, 0, 1);animation-play-state:paused;animation-duration:4s;animation-delay:-1.59366s" ><rect x="-5.700461537789034" y="-4.685289068388728" width="11.400923075578069" height="9.370578136777455" fill="#292929" style="transform:matrix(1.65479, 0, 0, 1.65479, 0, 0);animation-play-state:paused" ></rect></g></g>
<g transform="translate(350.3634121857482 0)" style="transform:matrix(1, 0, 0, 1, 350.363, 0);animation-play-state:paused" ><g class="ld ld-fall" style="transform:matrix3d(-0.324754, 0.570049, 0.754705, 0, 0.754705, -0.324754, 0.570049, 0, 0.570049, 0.754705, -0.324754, 0, 0, 632.232, 0, 1);animation-play-state:paused;animation-duration:4s;animation-delay:-3.36615s" ><rect x="-3.5985911665211834" y="-5.55958693908756" width="7.197182333042367" height="11.11917387817512" fill="#9370db" style="transform:matrix(2.12929, 0, 0, 2.12929, 0, 0);animation-play-state:paused" ></rect></g></g>
<g transform="translate(222.23383505304923 0)" style="transform:matrix(1, 0, 0, 1, 222.234, 0);animation-play-state:paused" ><g class="ld ld-fall" style="transform:matrix3d(-0.149025, 0.973049, 0.175976, 0, 0.175976, -0.149025, 0.973049, 0, 0.973049, 0.175976, -0.149025, 0, 0, 595.479, 0, 1);animation-play-state:paused;animation-duration:2s;animation-delay:-1.585s" ><rect x="-4.6843662268465" y="-3.3730172068819675" width="9.368732453693" height="6.746034413763935" fill="#9370db" style="transform:matrix(3.04552, 0, 0, 3.04552, 0, 0);animation-play-state:paused" ></rect></g></g>
<g transform="translate(791.2299949206022 0)" style="transform:matrix(1, 0, 0, 1, 791.23, 0);animation-play-state:paused" ><g class="ld ld-fall" style="transform:matrix3d(0.812594, 0.495032, -0.307626, 0, -0.307626, 0.812594, 0.495032, 0, 0.495032, -0.307626, 0.812594, 0, 0, 280.955, 0, 1);animation-play-state:paused;animation-duration:2s;animation-delay:-0.747713s" ><rect x="-3.4745179511393407" y="-4.000168560497255" width="6.949035902278681" height="8.00033712099451" fill="#9370db" style="transform:matrix(3.4887, 0, 0, 3.4887, 0, 0);animation-play-state:paused" ></rect></g></g>
<g transform="translate(65.8426598225468 0)" style="transform:matrix(1, 0, 0, 1, 65.8427, 0);animation-play-state:paused" ><g class="ld ld-fall" style="transform:matrix3d(-0.320356, 0.546816, 0.77354, 0, 0.77354, -0.320356, 0.546816, 0, 0.546816, 0.77354, -0.320356, 0, 0, 133.041, 0, 1);animation-play-state:paused;animation-duration:4s;animation-delay:-0.706023s" ><rect x="-5.1124003048231765" y="-5.405644101951628" width="10.224800609646353" height="10.811288203903256" fill="#9370db" style="transform:matrix(3.0615, 0, 0, 3.0615, 0, 0);animation-play-state:paused" ></rect></g></g>
<g transform="translate(683.3748118400201 0)" style="transform:matrix(1, 0, 0, 1, 683.375, 0);animation-play-state:paused" ><g class="ld ld-fall" style="transform:matrix3d(0.246979, 0.948997, -0.195976, 0, -0.195976, 0.246979, 0.948997, 0, 0.948997, -0.195976, 0.246979, 0, 0, 568.425, 0, 1);animation-play-state:paused;animation-duration:2s;animation-delay:-1.51281s" ><rect x="-4.747742810621775" y="-5.150768038749993" width="9.49548562124355" height="10.301536077499986" fill="#f6ec36" style="transform:matrix(2.91376, 0, 0, 2.91376, 0, 0);animation-play-state:paused" ></rect></g></g>
<g transform="translate(1307.1211494332233 0)" style="transform:matrix(1, 0, 0, 1, 1307.12, 0);animation-play-state:paused" ><g class="ld ld-fall" style="transform:matrix3d(-0.332375, 0.635248, 0.697127, 0, 0.697127, -0.332375, 0.635248, 0, 0.635248, 0.697127, -0.332375, 0, 0, 627.969, 0, 1);animation-play-state:paused;animation-duration:4s;animation-delay:-3.3434s" ><rect x="-4.3690591948049375" y="-3.582127909148471" width="8.738118389609875" height="7.164255818296942" fill="#f6ec36" style="transform:matrix(2.29015, 0, 0, 2.29015, 0, 0);animation-play-state:paused" ></rect></g></g>
<g transform="translate(397.4067598865422 0)" style="transform:matrix(1, 0, 0, 1, 397.407, 0);animation-play-state:paused" ><g class="ld ld-fall" style="transform:matrix3d(-0.0350371, 0.998726, 0.0363109, 0, 0.0363109, -0.0350371, 0.998726, 0, 0.998726, 0.0363109, -0.0350371, 0, 0, 586.574, 0, 1);animation-play-state:paused;animation-duration:4s;animation-delay:-3.12248s" ><rect x="-5.370015564041612" y="-4.140332905543584" width="10.740031128083224" height="8.280665811087168" fill="#32cd32" style="transform:matrix(2.14165, 0, 0, 2.14165, 0, 0);animation-play-state:paused" ></rect></g></g>
<g transform="translate(243.2910083992798 0)" style="transform:matrix(1, 0, 0, 1, 243.291, 0);animation-play-state:paused" ><g class="ld ld-fall" style="transform:matrix3d(0.0205769, -0.0201618, 0.999585, 0, 0.999585, 0.0205769, -0.0201618, 0, -0.0201618, 0.999585, 0.0205769, 0, 0, 668.962, 0, 1);animation-play-state:paused;animation-duration:4s;animation-delay:-3.56217s" ><rect x="-3.838253901452902" y="-5.375486843864561" width="7.676507802905804" height="10.750973687729122" fill="#9370db" style="transform:matrix(1.70104, 0, 0, 1.70104, 0, 0);animation-play-state:paused" ></rect></g></g>
<g transform="translate(753.217409728956 0)" style="transform:matrix(1, 0, 0, 1, 753.217, 0);animation-play-state:paused" ><g class="ld ld-fall" style="transform:matrix3d(-0.188174, 0.234426, 0.953748, 0, 0.953748, -0.188174, 0.234426, 0, 0.234426, 0.953748, -0.188174, 0, 0, 402.294, 0, 1);animation-play-state:paused;animation-duration:2s;animation-delay:-1.07107s" ><rect x="-3.381430366497027" y="-5.838605291090083" width="6.762860732994054" height="11.677210582180166" fill="#32cd32" style="transform:matrix(1.75108, 0, 0, 1.75108, 0, 0);animation-play-state:paused" ></rect></g></g>
<g transform="translate(214.58646947109457 0)" style="transform:matrix(1, 0, 0, 1, 214.586, 0);animation-play-state:paused" ><g class="ld ld-fall" style="transform:matrix3d(-0.206501, 0.264477, 0.942024, 0, 0.942024, -0.206501, 0.264477, 0, 0.264477, 0.942024, -0.206501, 0, 0, 150.15, 0, 1);animation-play-state:paused;animation-duration:2s;animation-delay:-0.398667s" ><rect x="-5.213908207927649" y="-4.057465470974883" width="10.427816415855299" height="8.114930941949765" fill="#9370db" style="transform:matrix(2.54176, 0, 0, 2.54176, 0, 0);animation-play-state:paused" ></rect></g></g>
<g transform="translate(455.9925929235195 0)" style="transform:matrix(1, 0, 0, 1, 455.993, 0);animation-play-state:paused" ><g class="ld ld-fall" style="transform:matrix3d(-0.297757, 0.462795, 0.834962, 0, 0.834962, -0.297757, 0.462795, 0, 0.462795, 0.834962, -0.297757, 0, 0, 388.575, 0, 1);animation-play-state:paused;animation-duration:2s;animation-delay:-1.03468s" ><rect x="-5.654845249338906" y="-3.044435143580069" width="11.309690498677812" height="6.088870287160138" fill="#292929" style="transform:matrix(1.89447, 0, 0, 1.89447, 0, 0);animation-play-state:paused" ></rect></g></g>
<g transform="translate(741.5370101081836 0)" style="transform:matrix(1, 0, 0, 1, 741.537, 0);animation-play-state:paused" ><g class="ld ld-fall" style="transform:matrix3d(-0.169671, 0.205924, 0.963746, 0, 0.963746, -0.169671, 0.205924, 0, 0.205924, 0.963746, -0.169671, 0, 0, 404.023, 0, 1);animation-play-state:paused;animation-duration:4s;animation-delay:-2.15131s" ><rect x="-3.99427453355091" y="-3.9505367851659567" width="7.98854906710182" height="7.9010735703319135" fill="#32cd32" style="transform:matrix(2.76103, 0, 0, 2.76103, 0, 0);animation-play-state:paused" ></rect></g></g>
<g transform="translate(445.89867344375443 0)" style="transform:matrix(1, 0, 0, 1, 445.899, 0);animation-play-state:paused" ><g class="ld ld-fall" style="transform:matrix3d(-0.0222152, 0.999495, 0.0227202, 0, 0.0227202, -0.0222152, 0.999495, 0, 0.999495, 0.0227202, -0.0222152, 0, 0, 585.662, 0, 1);animation-play-state:paused;animation-duration:4s;animation-delay:-3.11761s" ><rect x="-3.9363643744866046" y="-5.307190330710371" width="7.872728748973209" height="10.614380661420743" fill="#32cd32" style="transform:matrix(2.73698, 0, 0, 2.73698, 0, 0);animation-play-state:paused" ></rect></g></g>
<g transform="translate(1164.3255100317265 0)" style="transform:matrix(1, 0, 0, 1, 1164.33, 0);animation-play-state:paused" ><g class="ld ld-fall" style="transform:matrix3d(0.0945892, -0.0863533, 0.991764, 0, 0.991764, 0.0945892, -0.0863533, 0, -0.0863533, 0.991764, 0.0945892, 0, 0, 173.158, 0, 1);animation-play-state:paused;animation-duration:2s;animation-delay:-0.460062s" ><rect x="-3.452666526392333" y="-3.7916384885939354" width="6.905333052784666" height="7.583276977187871" fill="#9370db" style="transform:matrix(3.32814, 0, 0, 3.32814, 0, 0);animation-play-state:paused" ></rect></g></g>
<g transform="translate(704.1830824370071 0)" style="transform:matrix(1, 0, 0, 1, 704.183, 0);animation-play-state:paused" ><g class="ld ld-fall" style="transform:matrix3d(0.0539735, -0.0512022, 0.997229, 0, 0.997229, 0.0539735, -0.0512022, 0, -0.0512022, 0.997229, 0.0539735, 0, 0, 170.523, 0, 1);animation-play-state:paused;animation-duration:4s;animation-delay:-0.906061s" ><rect x="-3.9263752693265266" y="-5.54935022236886" width="7.852750538653053" height="11.09870044473772" fill="#32cd32" style="transform:matrix(1.70395, 0, 0, 1.70395, 0, 0);animation-play-state:paused" ></rect></g></g>
<g transform="translate(465.7907920825411 0)" style="transform:matrix(1, 0, 0, 1, 465.791, 0);animation-play-state:paused" ><g class="ld ld-fall" style="transform:matrix3d(-0.0408148, 0.0425547, 0.99826, 0, 0.99826, -0.0408148, 0.0425547, 0, 0.0425547, 0.99826, -0.0408148, 0, 0, 414.343, 0, 1);animation-play-state:paused;animation-duration:2s;animation-delay:-1.10303s" ><rect x="-4.964213257316385" y="-4.061807760015585" width="9.92842651463277" height="8.12361552003117" fill="#9370db" style="transform:matrix(3.13372, 0, 0, 3.13372, 0, 0);animation-play-state:paused" ></rect></g></g>
<g transform="translate(965.0534861954303 0)" style="transform:matrix(1, 0, 0, 1, 965.054, 0);animation-play-state:paused" ><g class="ld ld-fall" style="transform:matrix3d(-0.231995, 0.921998, 0.309997, 0, 0.309997, -0.231995, 0.921998, 0, 0.921998, 0.309997, -0.231995, 0, 0, 353.244, 0, 1);animation-play-state:paused;animation-duration:2s;animation-delay:-0.940611s" ><rect x="-5.203649982272514" y="-5.482027819935134" width="10.407299964545029" height="10.964055639870269" fill="#f6ec36" style="transform:matrix(1.87136, 0, 0, 1.87136, 0, 0);animation-play-state:paused" ></rect></g></g>
<g transform="translate(732.679368073331 0)" style="transform:matrix(1, 0, 0, 1, 732.679, 0);animation-play-state:paused" ><g class="ld ld-fall" style="transform:matrix3d(-0.179462, 0.220794, 0.958668, 0, 0.958668, -0.179462, 0.220794, 0, 0.220794, 0.958668, -0.179462, 0, 0, 653.452, 0, 1);animation-play-state:paused;animation-duration:2s;animation-delay:-1.7397s" ><rect x="-3.7030556243144774" y="-3.8530944714066724" width="7.406111248628955" height="7.706188942813345" fill="#32cd32" style="transform:matrix(1.75747, 0, 0, 1.75747, 0, 0);animation-play-state:paused" ></rect></g></g>
<g transform="translate(80.84993587769941 0)" style="transform:matrix(1, 0, 0, 1, 80.8499, 0);animation-play-state:paused" ><g class="ld ld-fall" style="transform:matrix3d(-0.226031, 0.927129, 0.298902, 0, 0.298902, -0.226031, 0.927129, 0, 0.927129, 0.298902, -0.226031, 0, 0, 352.58, 0, 1);animation-play-state:paused;animation-duration:4s;animation-delay:-1.87768s" ><rect x="-5.57660095533742" y="-4.798658005691662" width="11.15320191067484" height="9.597316011383324" fill="#292929" style="transform:matrix(1.5366, 0, 0, 1.5366, 0, 0);animation-play-state:paused" ></rect></g></g>
<g transform="translate(786.6439471574025 0)" style="transform:matrix(1, 0, 0, 1, 786.644, 0);animation-play-state:paused" ><g class="ld ld-fall" style="transform:matrix3d(0.43437, 0.853496, -0.287866, 0, -0.287866, 0.43437, 0.853496, 0, 0.853496, -0.287866, 0.43437, 0, 0, 557.188, 0, 1);animation-play-state:paused;animation-duration:4s;animation-delay:-2.96565s" ><rect x="-3.999795156675222" y="-4.154890789806018" width="7.999590313350444" height="8.309781579612036" fill="#f6ec36" style="transform:matrix(2.49514, 0, 0, 2.49514, 0, 0);animation-play-state:paused" ></rect></g></g>
<g transform="translate(1386.1818523882157 0)" style="transform:matrix(1, 0, 0, 1, 1386.18, 0);animation-play-state:paused" ><g class="ld ld-fall" style="transform:matrix3d(0.711951, -0.33118, 0.619229, 0, 0.619229, 0.711951, -0.33118, 0, -0.33118, 0.619229, 0.711951, 0, 0, 211.814, 0, 1);animation-play-state:paused;animation-duration:2s;animation-delay:-0.563213s" ><rect x="-4.854903833356265" y="-5.733891449900182" width="9.70980766671253" height="11.467782899800364" fill="#292929" style="transform:matrix(1.50921, 0, 0, 1.50921, 0, 0);animation-play-state:paused" ></rect></g></g>
<g transform="translate(1387.0483847542432 0)" style="transform:matrix(1, 0, 0, 1, 1387.05, 0);animation-play-state:paused" ><g class="ld ld-fall" style="transform:matrix3d(0.891569, -0.2614, 0.369831, 0, 0.369831, 0.891569, -0.2614, 0, -0.2614, 0.369831, 0.891569, 0, 0, 227.29, 0, 1);animation-play-state:paused;animation-duration:2s;animation-delay:-0.60451s" ><rect x="-4.034928387512454" y="-4.926774182020702" width="8.069856775024908" height="9.853548364041403" fill="#32cd32" style="transform:matrix(2.66773, 0, 0, 2.66773, 0, 0);animation-play-state:paused" ></rect></g></g>
<g transform="translate(1500.7838789400962 0)" style="transform:matrix(1, 0, 0, 1, 1500.78, 0);animation-play-state:paused" ><g class="ld ld-fall" style="transform:matrix3d(-0.329101, 0.599593, 0.729507, 0, 0.729507, -0.329101, 0.599593, 0, 0.599593, 0.729507, -0.329101, 0, 0, 379.992, 0, 1);animation-play-state:paused;animation-duration:4s;animation-delay:-2.02383s" ><rect x="-4.364992706802926" y="-5.052016185488164" width="8.729985413605853" height="10.104032370976327" fill="#292929" style="transform:matrix(2.79751, 0, 0, 2.79751, 0, 0);animation-play-state:paused" ></rect></g></g></g></g></svg>
